33407
34050
34693
35335
35975
36615
37253
37889
38524
39156
39786
40413
41037
41657
42275
42889
43498
44104
44706
45302
45894
46481
47063
47639
48209
48773
49331
49883
50428
50967
51498
52022
52539
53048
53549
54043
54528
55004
55472
55932
56382
56823
57255
57678
58091
58494
58887
59271
59644
60006
60358
60700
61031
61350
61659
61957
62243
62518
62782
63034
63274
63503
63720
63924
64117
64298
64466
64623
64767
64898
65018
65125
65219
65301
65370
65427
65471
65503
65522
65528
65522
65503
65471
65427
65370
65301
65219
65125
65018
64898
64767
64623
64466
64298
64117
63924
63720
63503
63274
63034
62782
62518
62243
61957
61659
61350
61031
60700
60358
60006
59644
59271
58887
58494
58091
57678
57255
56823
56382
55932
55472
55004
54528
54043
53549
53048
52539
52022
51498
50967
50428
49883
49331
48773
48209
47639
47063
46481
45894
45302
44706
44104
43498
42889
42275
41657
41037
40413
39786
39156
38524
37889
37253
36615
35975
35335
34693
34050
33407
32764
32121
31478
30835
30193
29553
28913
28275
27639
27004
26372
25742
25115
24491
23871
23253
22639
22030
21424
20822
20226
19634
19047
18465
17889
17319
16755
16197
15645
15100
14561
14030
13506
12989
12480
11979
11485
11000
10524
10056
9596
9146
8705
8273
7850
7437
7034
6641
6257
5884
5522
5170
4828
4497
4178
3869
3571
3285
3010
2746
2494
2254
2025
1808
1604
1411
1230
1062
905
761
630
510
403
309
227
158
101
57
25
6
0
6
25
57
101
158
227
309
403
510
630
761
905
1062
1230
1411
1604
1808
2025
2254
2494
2746
3010
3285
3571
3869
4178
4497
4828
5170
5522
5884
6257
6641
7034
7437
7850
8273
8705
9146
9596
10056
10524
11000
11485
11979
12480
12989
13506
14030
14561
15100
15645
16197
16755
17319
17889
18465
19047
19634
20226
20822
21424
22030
22639
23253
23871
24491
25115
25742
26372
27004
27639
28275
28913
29553
30193
30835
31478
32121
32764
33407
34050
34693
35335
35975
36615
37253
37889
38524
39156
39786
40413
41037
41657
42275
42889
43498
44104
44706
45302
45894
46481
47063
47639
48209
48773
49331
49883
50428
50967
51498
52022
52539
53048
53549
54043
54528
55004
55472
55932
56382
56823
57255
57678
58091
58494
58887
59271
59644
60006
60358
60700
61031
61350
61659
61957
62243
62518
62782
63034
63274
63503
63720
63924
64117
64298
64466
64623
64767
64898
65018
65125
65219
65301
65370
65427
65471
65503
65522
65528
65522
65503
65471
65427
65370
65301
65219
65125
65018
64898
64767
64623
64466
64298
64117
63924
63720
63503
63274
63034
62782
62518
62243
61957
61659
61350
61031
60700
60358
60006
59644
59271
58887
58494
58091
57678
57255
56823
56382
55932
55472
55004
54528
54043
53549
53048
52539
52022
51498
50967
50428
49883
49331
48773
48209
47639
47063
46481
45894
45302
44706
44104
43498
42889
42275
41657
41037
40413
39786
39156
38524
37889
37253
36615
35975
35335
34693
34050
33407
32764
32121
31478
30835
30193
29553
28913
28275
27639
27004
26372
25742
25115
24491
23871
23253
22639
22030
21424
20822
20226
19634
19047
18465
17889
17319
16755
16197
15645
15100
14561
14030
13506
12989
12480
11979
11485
11000
10524
10056
9596
9146
8705
8273
7850
7437
7034
6641
6257
5884
5522
5170
4828
4497
4178
3869
3571
3285
3010
2746
2494
2254
2025
1808
1604
1411
1230
1062
905
761
630
510
403
309
227
158
101
57
25
6
0
6
25
57
101
158
227
309
403
510
630
761
905
1062
1230
1411
1604
1808
2025
2254
2494
2746
3010
3285
3571
3869
4178
4497
4828
5170
5522
5884
6257
6641
7034
7437
7850
8273
8705
9146
9596
10056
10524
11000
11485
11979
12480
12989
13506
14030
14561
15100
15645
16197
16755
17319
17889
18465
19047
19634
20226
20822
21424
22030
22639
23253
23871
24491
25115
25742
26372
27004
27639
28275
28913
29553
30193
30835
31478
32121
32764
33407
34050
34693
35335
35975
36615
37253
37889
38524
39156
39786
40413
41037
41657
42275
42889
43498
44104
44706
45302
45894
46481
47063
47639
48209
48773
49331
49883
50428
50967
51498
52022
52539
53048
53549
54043
54528
55004
55472
55932
56382
56823
57255
57678
58091
58494
58887
59271
59644
60006
60358
60700
61031
61350
61659
61957
62243
62518
62782
63034
63274
63503
63720
63924
64117
64298
64466
64623
64767
64898
65018
65125
65219
65301
65370
65427
65471
65503
65522
65528
65522
65503
65471
65427
65370
65301
65219
65125
65018
64898
64767
64623
64466
64298
64117
63924
63720
63503
63274
63034
62782
62518
62243
61957
61659
61350
61031
60700
60358
60006
59644
59271
58887
58494
58091
57678
57255
56823
56382
55932
55472
55004
54528
54043
53549
53048
52539
52022
51498
50967
50428
49883
49331
48773
48209
47639
47063
46481
45894
45302
44706
44104
43498
42889
42275
41657
41037
40413
39786
39156
38524
37889
37253
36615
35975
35335
34693
34050
33407
32764
32121
31478
30835
30193
29553
28913
28275
27639
27004
26372
25742
25115
24491
23871
23253
22639
22030
21424
20822
20226
19634
19047
18465
17889
17319
16755
16197
15645
15100
14561
14030
13506
12989
12480
11979
11485
11000
10524
10056
9596
9146
8705
8273
7850
7437
7034
6641
6257
5884
5522
5170
4828
4497
4178
3869
3571
3285
3010
2746
2494
2254
2025
1808
1604
1411
1230
1062
905
761
630
510
403
309
227
158
101
57
25
6
0
6
25
57
101
158
227
309
403
510
630
761
905
1062
1230
1411
1604
1808
2025
2254
2494
2746
3010
3285
3571
3869
4178
4497
4828
5170
5522
5884
6257
6641
7034
7437
7850
8273
8705
9146
9596
10056
10524
11000
11485
11979
12480
12989
13506
14030
14561
15100
15645
16197
16755
17319
17889
18465
19047
19634
20226
20822
21424
22030
22639
23253
23871
24491
25115
25742
26372
27004
27639
28275
28913
29553
30193
30835
31478
32121
32764
33407
34050
34693
35335
35975
36615
37253
37889
38524
39156
39786
40413
41037
41657
42275
42889
43498
44104
44706
45302
45894
46481
47063
47639
48209
48773
49331
49883
50428
50967
51498
52022
52539
53048
53549
54043
54528
55004
55472
55932
56382
56823
57255
57678
58091
58494
58887
59271
59644
60006
60358
60700
61031
61350
61659
61957
62243
62518
62782
63034
63274
63503
63720
63924
