0
0
0
0
0
0
0
0
0
0
0
0
0
0
12
43
85
140
208
293
397
521
669
841
1041
1270
1532
1826
2156
2524
2929
3374
3859
4385
4951
5557
6202
6885
7603
8355
9137
9946
10778
11629
12494
13367
14245
15120
15987
16839
17671
18476
19248
19981
20668
21305
21886
22405
22859
23244
23556
23792
23951
24031
24031
23951
23792
23556
23244
22859
22405
21886
21305
20668
19981
19248
18476
17671
16839
15987
15120
14245
13367
12494
11629
10778
9946
9137
8355
7603
6885
6202
5557
4951
4385
3859
3374
2929
2524
2156
1826
1532
1270
1041
841
669
521
397
293
208
140
85
43
12
0
0
0
0
0
0
0
0
0
0
0
0
0
0
