38182948
39358236
39632546
40102776
37971196
37451686
38617960
37138480
36755012
35993100
36111428
37723186
39308526
40535694
37717908
36930642
39251468
40446226
40340796
38002176
38303354
41217294
40653648
40611940
39842762
39526118
38800498
38233256
40616338
40549864
39614310
38884496
37122402
38276238
39231212
40223842
38801620
35656888
35802606
36323068
38243102
40366968
40227614
39906152
36648550
36672254
39801374
39371830
39035486
38845988
39330568
38752134
37020784
38024324
39099138
40447256
39758198
38294846
39721240
38324428
36555308
37293744
38513270
39718302
38021096
36828162
37798966
39812300
41867894
39123192
37560926
38061612
38061122
39887250
39137116
38954516
38862782
37465960
38334774
38561914
38723184
38240502
36158018
37022160
38042740
38981600
40068728
40105530
40382328
39657478
41147200
41029496
37479092
36998142
37027732
38201362
40284342
39029882
38136304
37087470
39342022
40552470
37022522
35785734
37173174
39196940
39822808
39859186
41335580
38646988
36592408
37038286
37843846
39427124
36317246
35201152
35817942
35235540
37547060
38566004
38249908
36429876
34766530
37058690
38553020
38862640
38559494
38453196
39757142
38153880
37794446
39616456
39933602
40648042
38975816
37869758
36909578
35980746
38720420
38365118
36792824
38266384
41252370
42857964
39696808
38342704
39922294
41783938
42980304
40729668
39904474
40594450
40117058
39345636
36234716
36127698
38654376
37473030
37024246
38213796
40472838
40374168
36980814
38505526
40905376
40898000
39533916
39222550
40728680
38578236
37097806
39130974
40412182
40856164
37611170
36438196
38498876
39740142
40904860
37737622
34177530
34252324
36750864
41551000
40734146
38063422
38282472
38960614
40136034
38254286
37823958
37390662
34130700
34477536
36673108
39581134
40067948
37438744
37677310
39277868
40088464
38208042
36406704
38509898
38178648
35851682
36373038
37947958
38597478
37438228
37587058
37195190
36367642
38744050
38560344
38316894
36912680
33516832
35231616
37443324
36800574
34695518
33058828
35673648
37999830
39470682
39439940
38401258
39072846
37906736
36805784
36944264
36427894
36782998
35217804
35116548
37283018
38360624
39976842
38880114
38801032
39940260
38569198
38059868
37923962
39400032
39201034
36306458
35243584
34476630
34494218
35943674
37178402
39473920
38253580
37106616
37194886
35938028
35729584
35173744
36305810
37828086
36580790
37193352
37152048
37822338
38151724
36352258
36564570
36492970
36442388
36815194
37823934
40604934
39278660
36753184
37853412
39724472
39825316
36211996
35187688
36620390
35851288
37721104
38641330
37383970
34838568
33739984
35624866
35850664
37005780
38237578
36688756
36685482
37642684
39936218
39869530
38124962
38067746
36773308
36879916
38935488
39065194
38601966
37079662
37511650
39499590
41026218
41738230
38797496
37969704
38819874
38233936
39824996
40164880
40519748
40293278
37552224
37400676
37824092
38681112
38642244
38372046
41226912
40019902
39477342
39211354
37276286
39001122
39439652
38431356
38427248
39488518
40715764
38431784
38363794
39178022
36854512
37633940
40188072
42614266
40552644
36861932
38748008
40224306
39111534
37141856
36783622
40716856
41393832
38763774
37892718
38500688
41097774
41485338
41028826
37670114
34237026
35669888
38643772
41145666
39964416
37646946
38224414
38105472
38284848
38345952
37403174
40192500
40855222
38861022
36882340
35801236
37788372
38789298
39418516
38128620
36403062
38139084
38308430
38942978
39623298
39174020
41401408
40103654
36960806
34996778
35895332
39798072
39462568
38646864
39027144
37853970
37194190
36516644
37479356
37543480
34862418
36203604
38175996
40078552
40366218
38947588
38873000
36158364
35492538
38276134
39744640
39546308
36676908
37726860
39183684
38051700
37642740
36397010
37230382
39463142
39928564
40770434
39292536
39242440
39944438
38221600
38109012
37662534
37752140
37288478
35822396
37205136
36592020
36707314
40151898
40910156
39099690
35743976
37533282
40968622
41114456
40979042
39154276
38431580
37514494
35325310
36790840
38355070
39567122
38810662
37228066
38924126
37781892
36081052
35642462
34605552
36236690
36799506
37524986
39348970
40202214
40301674
37870404
37892960
39803404
38917194
39417442
37858300
35300750
34999190
36296128
38387256
37564706
37794610
39045404
38791266
40327252
39889184
38519014
37732860
37222694
38839276
38872450
40340010
42210266
41024340
38039200
34253740
34119256
36356094
38359372
40921570
39144902
36154824
37657636
39984324
41853190
39769748
38885894
37974100
34376898
34457524
37128332
40653452
41272238
38830010
38137392
36151458
35194048
37707490
38971616
39003258
36052238
35964922
39109266
40275966
41117266
39498708
37686446
37476022
37299436
38160426
37642782
38819052
40658688
40669562
41207822
39315000
38231638
37573100
37243084
40316598
40916088
40378892
39912912
38715270
39012554
38695046
39616026
40760760
39532444
39429306
38699276
39339708
39484804
37568682
36738396
35194992
35977272
38289186
38389490
38896264
36942626
36307616
36485024
34967446
35600212
35271968
35364498
36330806
36417388
38083874
37890420
37707514
37444940
36351490
38903184
40319786
40905616
39531248
36696846
36182268
35535228
36477166
38744646
39044290
39101082
38039532
38595082
38543304
37100590
38929078
37342918
36234672
39060740
41749030
42388204
39293758
37951264
38292544
38250638
40488156
39088298
37614288
40318762
40274060
38466700
36681814
39395930
39998112
37283262
37030620
36333922
37787316
39874598
38690488
39335366
41614776
43715144
42169872
39271180
39041762
37597212
36896346
37089854
36541802
37691236
36797092
38567746
42905628
41486330
38528358
36790424
37551904
37781328
36070164
36287750
36422506
37658634
38587450
37511876
38685260
39588056
40385258
39965518
38946886
40398284
40458374
41009052
40743180
38790350
39437008
39694592
39162426
38047848
37537008
40429872
41244636
40622912
40048718
38532428
38601964
38111718
38341100
36998792
35005434
38131574
41143708
41623306
38849914
36552788
36801544
36168248
37284572
37962416
36931116
40019454
41072418
39737492
38265718
37136752
38956266
37739674
36921430
37021442
36769838
38355224
38405756
39865630
40904110
38641992
38733590
39419766
40810288
39708926
37473354
38588592
38036922
37479030
38838940
39889736
41785798
40429018
39122964
37751544
35241710
35126370
34996758
36955788
40226780
39792376
38028266
37027902
39359820
40731792
38833362
39123018
39251978
39979640
40649586
38696266
36972518
36237438
39138652
41519326
39818870
39008018
37105418
37167158
39286028
39411006
40585358
39843076
39124610
38649066
38247984
39662620
38865510
38421930
39263534
39136062
40176364
38560660
37918902
38835722
37057168
37376568
39043536
39810082
37420594
34511408
35667556
37434814
39446662
38980520
35372716
36065560
37191540
38345996
39465442
39229896
39707610
38261786
38310208
39314998
38574930
39145532
38735060
39531124
40035280
39205368
40457108
38670520
37417320
37289834
35081140
35091846
36276078
38008512
38007800
37343602
38855084
36983338
35355340
36470926
36729014
38738104
38924062
37743858
36192222
35227744
37749946
37258310
37122004
38526708
37804926
37579550
37178156
38271600
38537926
37279330
38090282
37723418
38873366
40629200
39758922
39627274
38697648
38756194
39271702
39018940
39056936
36652052
34999992
35814388
37477226
40604456
38368882
36683192
37087616
36188500
36853794
36783386
37748956
38302586
36151996
35681940
35798170
37028928
36151366
33765708
35703960
38061138
37728504
36068812
34867242
37683042
38814542
38257710
36675284
34727260
36263102
37789650
38535372
38667486
39067460
40556656
38901964
38250682
39572192
39082704
39377266
38163604
39555216
42111852
41238312
40649460
40302320
42022456
41336870
38509526
37969500
35979468
34316442
36058650
38560204
41070574
38459496
37195698
38800892
39335270
39727300
37563326
36321292
36631366
35959924
36403946
35383274
35893124
38848622
39697616
40195740
38273638
37154102
37280502
35935290
35940046
36354050
38803584
39797924
37437994
38002640
38358328
38911844
38757794
37002820
39055564
39863412
39063008
36862002
34104962
34296816
34526734
35753878
37265438
37065232
38795900
39730596
40590302
38853266
34520796
34448980
35404034
37829694
40041778
39289076
40043454
38969998
37319432
36434960
36450612
39449056
39158088
38730450
38672652
35376226
35374626
38127958
40908386
39324898
36312164
37688578
38999394
39725776
38810922
36774080
38034654
37288182
36773668
37039040
36624278
38128734
38174338
37999902
37524228
37362108
40243150
40139510
38643508
37834678
37571578
39083142
36526246
35759172
37028852
35345932
34827438
35431374
37108434
37468448
36369592
37959828
38962250
40433778
40442118
37109228
34650270
35123378
38320928
38599028
36845062
38894888
39047546
38881542
38447230
35051312
35933018
39195804
40896512
39566814
38022328
38235728
35898662
35339788
37281916
37786520
39834394
39528048
38028588
37401782
37465638
39403166
38330772
36611282
36569192
37605044
41622196
40476116
38479822
39033172
39821340
41625600
39782646
39142600
41352846
43567196
44105976
40712522
39631020
39249168
37108080
38324428
38656468
39679808
39901084
37070320
36096592
34889248
34485810
35288000
36157504
40324232
40911138
38663230
36873924
36308180
37477920
36791258
37729084
41085230
41929916
41957406
38928604
37149694
37637408
37550742
38599318
37072528
37779730
39845054
38932968
37682626
36553576
38117124
38307962
36349648
37198214
36817518
35782722
35632648
36161314
38942112
39252840
39340522
38925768
37301816
38525958
38175086
37876738
38310616
37962846
38474512
36920994
36505528
37342342
36671588
39245196
41174824
41208748
37116562
33622872
37167474
40780974
41386516
39630570
37518266
39121470
38589034
38948126
40099570
39075230
38870270
38595174
39781596
41058848
41013294
40683650
37076702
36753266
39423828
39419984
38597736
36037564
34776970
35760858
37011376
40052288
41019038
41192972
38966336
36476970
39469398
39718428
37799116
36214812
35402464
38764750
40144690
38895944
37075574
35703904
38003316
38234530
37439138
36205010
34885452
37020784
39050512
40336462
39675162
36492878
35367300
36102874
39051676
40455574
38432402
38292532
38023870
37767648
37560852
36926676
37552438
35988558
36279514
38618248
37564104
35471878
33309376
34602926
38116890
39986748
40543570
38190798
38508412
40331354
38088424
37400894
37872948
39137376
40294296
39754512
38522452
36942474
38640568
40201128
38152578
37271024
36669354
36918552
36711226
35488210
37530848
38827056
39921972
40760580
40812644
41601016
38997676
36936728
36865990
37694990
40739530
39724570
37317702
37089460
37096106
38320506
37878750
37110538
37073110
38194492
40101412
37670824
37686836
40433160
38970334
38115930
37576760
37743158
37430848
37160574
39597546
40436764
40874564
40223668
37518064
37805706
39458302
40885900
38536064
34690834
36478494
38443638
40116634
40510264
38949306
42319674
43582144
42026002
38609226
36666886
38639158
39353704
39964756
39049052
36712324
36765652
34783594
34014236
36270050
38051984
40904926
39951270
37783506
36596220
36706254
39948164
40863900
40776240
40207812
38094808
37405932
35959180
36904980
39308296
38270448
37543668
37316720
37728186
36751078
35541916
37642340
37813570
37296202
36980648
36036964
37433538
36483826
35353420
37007348
39782562
42760770
41941500
41918576
39788604
35679048
34661680
34254202
34727058
35736424
35321160
36759336
36890144
37895392
40372990
41960232
43081690
41090702
39809414
38955138
37048200
37965404
38128800
38014384
38203862
39222648
42549478
40908322
38150338
37503380
37153808
37546786
36206872
37769700
40976186
39971802
38371816
36135936
37632518
42818860
43455108
40455238
35963198
36476162
39540708
40530314
39772732
36580768
37924046
41302594
39658654
37110334
36054364
38736272
40263892
37612356
36535696
36978336
39065482
39504608
37337262
38457706
39384960
39739494
38077616
36188548
38556754
39440534
39737586
39631868
38827490
41143906
41937578
41503994
39942136
38180422
38853628
38247166
37309830
35797348
33961022
36095504
38254896
40073212
39827798
36796486
36785512
36960326
37351066
38323350
39012778
40721982
38139118
36088566
35484346
34855904
38316110
40098754
40491140
38720112
35870140
37732884
37885600
37322922
37490268
35879998
34523642
33738248
35518062
37088922
35554880
37798126
40874022
42618350
41291640
37888014
38021076
39663336
41883502
40658538
36024098
35699232
36234936
36901802
37832456
37855964
39918432
39785824
39252978
38053930
36888874
38967412
40565386
41412800
40034852
35364702
33296422
32206206
33237254
35561096
36406616
39217194
40537440
41082570
40224372
37550552
37113420
36631720
37254592
37777380
36353410
36969320
35617820
35438640
37981632
38760482
38302668
35789938
36403634
38962632
38182424
37390304
37770500
39548074
39068496
37920108
39863208
38418122
35559634
36794576
38120248
39733958
39058340
38471540
38234180
37472666
38676340
38540398
40071258
41193090
39307432
37804822
37233602
38933286
39467638
37923196
38946738
37762148
37506806
40179256
41355464
41295584
38899854
38189122
37753352
36591484
38764072
40394906
41804822
40527068
37766340
38382138
36030260
33775354
36078246
37970288
40695424
41006570
39500098
37253030
35909012
38451096
39550188
40968028
41772890
38649464
37296158
35766628
36094138
37107346
36155830
36661512
37068716
38107206
38410528
37044610
37615070
36730200
36581536
37655078
38307192
39982114
38649860
37673936
37807538
37858896
40552948
41334216
40527306
39125692
38429642
40255832
39580400
40411038
42342856
41943998
39780070
35447598
34263150
36220166
36011836
35582320
35225488
36947204
38192470
37780784
38903708
39740858
41868120
42573798
41635570
42030646
38975912
35937118
37237292
38045880
37920382
37176306
39629386
40960334
37776882
36599526
37050276
38053666
38921510
38085972
38093078
37030814
38253588
39146120
37284426
37712962
36977584
36732116
38094158
37992196
39595480
40122274
39869924
37635088
35698354
39136122
41458174
39783526
37933306
38464150
40034194
35480178
33191182
36553264
39360060
40217524
37435902
38243438
39483524
36444526
35556990
36853576
40781278
41909316
38441886
35605930
34661868
37783666
40748736
39057516
38770320
37977814
37941556
37916104
36510554
38104146
38587052
36914880
36354812
38650882
42135936
39471564
37090046
37503956
38068962
39891792
37837170
36009430
37589476
38683538
37972104
36608204
39565018
41523248
37950718
37880000
39117716
40288914
41176282
40817470
39486702
36402944
36723672
38737532
39379504
40972682
38779294
35974942
35617672
36977282
41050958
40234478
36374272
34977554
35646348
38738226
38674008
38612902
38238952
37348256
39245280
39665882
41043700
42016304
39748474
38487240
38601716
40712570
40863206
37458904
36677132
38444080
41582522
42706942
41185728
40313022
37378034
36099742
37621258
38002834
40070760
41331490
42109516
40426748
37362440
37631806
37554994
38296936
39038250
38272546
38589698
36202402
34342524
35320306
35962014
37370614
37075154
38269210
40330070
41733082
42505990
38554578
36790618
39989700
43300394
42681340
36620686
36730642
40160258
40199666
38699584
37238670
38732098
39205104
37114234
37918704
37811666
37815722
38147248
38164264
39686754
38515572
37199326
37493964
36532006
37471618
37815830
38759940
39175890
38036834
38392106
37490372
38037112
38953670
38045590
38770838
37437660
36121108
35756096
34963620
36610678
35594942
33509066
33485780
33588962
35423618
36433510
37500478
37730502
37745418
40807120
39766246
37882714
38245172
38305736
38560582
36939176
36576716
37506546
38677528
41959834
39927302
35631710
34389086
34741676
36694676
36470990
36939720
37184810
35271428
36765454
38867860
40533990
38759062
36181060
37676244
38249236
37806174
38388146
39154490
41172530
39307126
37717084
37388852
36704618
37914690
35971736
36902362
40386506
40445266
39551104
38824934
38743398
37777054
37361446
39939112
37865118
36661500
37990458
38854604
39865588
37732728
38750630
41250050
40361468
37624986
34947350
36341642
38507334
37638432
38025982
37670528
38583472
39076452
36513846
35308720
35076054
37495450
39118368
37552984
38624890
40263228
41228644
40739274
39916564
41054720
38574770
34680436
34971480
37583264
40041526
38770404
38849128
38870846
36649572
37048274
35852336
35870126
39093052
39653528
38790458
37263346
38526358
40085710
38758050
38920442
37859054
38744996
40367584
37984806
37362862
37379880
38087316
39328380
40289364
41251054
37773700
36235974
38636200
40095866
40843370
38373218
38243088
38867858
36464678
35071112
34867918
37938992
40741992
39324348
39396618
40413960
41942300
39813918
35449054
36837612
38558408
39169126
38728978
37861966
39473944
38944136
39172582
39521530
37943702
37308386
35246688
34411280
35836308
35996510
36324194
36507458
38847136
39693910
38592298
39379424
38116702
38363990
41023716
39288352
37565630
37033034
37813936
38896586
40227796
41351684
37423602
34711816
35738754
35488458
36176942
35742088
36930502
38172628
35319442
37282312
40927388
42681758
40016172
35748762
37041776
38933630
41968880
42707198
39623852
37806966
36487676
37448520
40025920
41666088
41962804
37154892
35610764
37158850
37493100
38329848
35999270
33820964
34720182
36845466
40540712
40577780
39598672
38739064
37820230
38469660
36925612
37193572
39910562
39998538
39797340
37109350
36573284
37568150
36894176
37789134
38400316
40061150
40522996
38225352
38736530
38240158
37383040
37530150
38265842
40694596
40331048
39394394
37408912
35781754
38479454
39625772
40068894
40387364
39961440
41107486
39120130
37679256
36641566
33595670
33884462
34829084
36529562
37086012
35773592
37122304
37482054
38098306
38547246
37758736
38479342
37465962
38126014
40670614
39450512
38468592
37010634
38128896
39397348
38587838
38785964
37537520
37926190
38383200
35853232
36698072
37912310
38474104
38058846
36760612
38180990
37499396
37283382
38847436
39023500
37384440
34553100
35631110
39348370
39294814
37348894
35360464
36974408
39365720
37901144
36681414
35446070
36933564
38442742
36457374
37208520
38192722
39102096
39191410
37363268
37208180
36606364
37309402
36963214
33417256
32588322
33572494
37095136
39394782
37348064
36258244
35536758
36217298
37034784
37015490
38126676
35418932
33977408
36905192
37868960
38114668
37602164
39657988
40162872
38662000
40919050
41056074
39001114
39205308
40281986
40557340
37890230
37967094
38598202
36821912
38401816
39511684
38832170
37071166
36354142
40413518
42318948
41263950
39098610
37924416
40301234
39490054
37450334
38227088
38899952
38792720
37617910
40199636
41149892
39192194
39894774
38892098
37632842
37990696
38642992
39582050
36068156
33726014
35876388
37736964
40099504
38267546
36574144
38175020
40441908
