-36503012
-29688970
-15930192
-15516638
-20228436
-27626756
-35443246
-35448070
-37102886
-31942438
-22322626
-22939070
-23663480
-32823624
-40001510
-37160880
-14287218
-12991178
-21562870
-24633286
-27833776
-43644924
-46248002
-35846354
-26388326
-30444844
-35376270
-25115070
-20785210
-19259768
-24740844
-30583822
-26932040
-31975286
-27518274
-24791086
-35230582
-37401018
-36086030
-35127114
-37845784
-37105608
-26511996
-31185194
-31495070
-25167086
-23144002
-23305680
-26514884
-23324606
-21281326
-27562174
-30342016
-34552238
-31672924
-22792768
-23078854
-19916748
-21813250
-24734030
-26715002
-23972120
-20040474
-30032700
-30427860
-22391346
-24526958
-24074378
-24077390
-18943812
-21556706
-30687730
-30656982
-31277406
-26579030
-23603722
-32923398
-31917150
-25234406
-19222818
-24444450
-32346212
-30812424
-35227914
-33007960
-29707254
-31247666
-22571176
-26134316
-24849512
-27421906
-33223076
-28837040
-28201622
-28611596
-27543202
-27165006
-25662852
-32277936
-31645946
-30844200
-34397430
-33057670
-29621758
-19677860
-16331088
-17944504
-22079230
-27416290
-27607088
-27588300
-29456994
-26689174
-30757642
-34042974
-40197302
-40191782
-19193500
-19285208
-19564674
-23140402
-24668466
-23654454
-35256130
-36695568
-31637670
-34481392
-32995178
-29540990
-20148148
-23982210
-27248468
-20110332
-21779318
-25130182
-27089884
-24732940
-22170130
-29052918
-34412314
-32123658
-30156934
-21272282
-19445056
-13791680
-18068598
-21925598
-20463210
-25892650
-26367096
-28202026
-35183762
-34332616
-31762418
-22662708
-23729672
-24751696
-19566336
-24903854
-25748376
-23311118
-24886494
-24707068
-30025462
-31981966
-31399530
-31294854
-24568326
-27235420
-26073624
-21567680
-21277464
-24867592
-29238226
-8172090
-8730364
-14124116
-21623246
-26114690
-22604536
-17852760
-16483102
-18278520
-23535648
-23753890
-25870296
-30160472
-31069024
-35060002
-29898398
-22903720
-20137488
-21730558
-29749008
-24915646
-19939816
-17222336
-13905078
-18750254
-23265986
-24532868
-21650984
-19857744
-27071404
-26721172
-24259256
-23392560
-21429088
-32949836
-34496866
-28583990
-23721460
-21287664
-24757126
-23746956
-25071576
-27009176
-22238194
-21994018
-10497462
-13284566
-21210308
-26658788
-30618312
-26127978
-20761818
-19921086
-22180400
-28580692
-25802216
-24146726
-20026344
-12228322
-29607238
-35743136
-33715950
-30959180
-21603416
-22469106
-25379062
-25432910
-21187670
-20919736
-35412612
-42066826
-34107972
-21800674
-15812242
-20920922
-24614780
-25894882
-25028456
-18990722
-22414694
-20506416
-22590680
-49812266
-22304308
-21680344
-17545764
-18125144
-18978524
-19336192
-36489488
-36080018
-29219122
-28179540
-23391620
-21820280
-19100290
-22928274
-25060722
-23747030
-24675246
-16953682
-15296432
-25336770
-15464028
-23650658
-41216746
-39386210
-25821910
-5395464
-6920440
-35134740
-32112522
-33557492
-30420092
-34684232
-30594284
-20830072
-20279050
-17716978
-19444446
-22630048
-28113400
-28311522
-23535866
-27322122
-33030708
-36623896
-42893308
-37369756
-23732958
-17251428
-23961352
-31422620
-28551766
-26788722
-26339712
-26099616
-45429960
-39290950
-39591344
-30076282
-18682978
-25684192
-36470552
-40792648
-26229298
-20987876
-25648108
-11970278
-13646568
-16273748
-18956044
-19015662
-21681692
-29738572
-29226404
-24938886
-28197832
-29645168
-31748244
-28648042
-28807334
-33056314
-33527466
-34039568
-35216206
-38994306
-40386394
-24472952
-26205514
-25941932
-25164764
-25910476
-23007646
-25554552
-17659748
-13919994
-16041374
-20165860
-34142830
-26775200
-28239958
-31841036
-26984336
-24994696
-22757852
-27687302
-32808988
-30619406
-31140686
-28681816
-23065992
-20159632
-22476712
-33805996
-39647578
-33467378
-31081312
-32219778
-38645016
-36792696
-25410754
-26913560
-32127372
-36642866
-30860660
-20466310
-23827018
-23648266
-27269064
-30800268
-34709634
-40351150
-29985856
-18005822
-16947152
-21990000
-26710828
-30031580
-33852484
-27801554
-28904276
-33895814
-30892106
-28419964
-19565638
-25079418
-35090726
-33935568
-33981018
-33458942
-34120680
-37724626
-31429302
-30321188
-30837236
-33297672
-34030810
-27386160
-29408798
-34531710
-29267940
-19898472
-6192752
-33670054
-39010064
-34340856
-31982436
-24041036
-19146018
-5684070
-18153196
-30019988
-35686780
-36250058
-21618328
-25890294
-37023760
-33882016
-33259240
-38587074
-37508384
-29885582
-17458196
-12971220
-11143156
-21799008
-30087006
-30742004
-28059786
-21910688
-24466994
-27291654
-22227036
-25551518
-27248678
-30171298
-39638182
-41468612
-26792698
-20038332
-23047646
-24911132
-19136338
-22044096
-26692110
-23601570
-18903222
-19426430
-26085762
-29104476
-33115314
-36166232
-31181570
-36179838
-42210736
-42257164
-41386386
-23578682
-28945036
-31816758
-30874124
-29951160
-21373096
-24779640
-27664136
-27633230
-23959162
-18865222
-28440962
-29410822
-22760986
-22471942
-22344486
-24181230
-20992732
-22889888
-26006744
-26823908
-27598252
-24513106
-23834744
-24840478
-19433616
-19984840
-19206998
-25365580
-34485038
-31910838
-32287704
-31027346
-26556414
-36922266
-38215780
-41583160
-37895724
-16901344
-17601528
-20309912
-28452540
-36167772
-16479118
-18073746
-19345480
-22982022
-23771098
-27032176
-29749660
-28655758
-32536634
-34430370
-28061646
-15977304
-11859166
-23679648
-30012042
-28010460
-25471654
-24401480
-34397096
-33110134
-24902378
-19564028
-20866872
-23305116
-9417698
-6429316
-9227092
-29052128
-32144336
-26173490
-22005358
-26072662
-25974268
-28868110
-27309042
-30299354
-34435550
-29791574
-26295012
-29243174
-34519592
-36446302
-29103756
-29825046
-26973942
-24374984
-22643902
-12211436
-12024754
-13727076
-25064628
-38121934
-35092398
-28531460
-27043368
-31692078
-25842960
-17915520
-23661914
-29667130
-28640730
-24408988
-22080470
-27556130
-22248818
-20553490
-25869556
-31450140
-34220846
-25277252
-21869876
-23506504
-31662820
-40160802
-39321606
-29747088
-27918874
-25631086
-27186566
-26146810
-28680120
-33180842
-28648956
-30145756
-28176410
-25240960
-25035542
-23676984
-23792544
-15283086
-21930600
-31177552
-32409558
-34822780
-35349606
-30887494
-28945704
-21860584
-22933424
-25617450
-26409462
-27309090
-24800324
-29141910
-33486368
-33562028
-36702884
-39924044
-39984020
-31664086
-25754956
-26460640
-23918626
-25456858
-23069178
-26344876
-28822320
-28305478
-34330956
-27267024
-12113562
-11029606
-23723742
-40148916
-42141792
-19038012
-22197216
-25761722
-30211568
-32510446
-30530162
-24127032
-16736870
-22362554
-25482816
-27159984
-25848300
-14607608
-20633872
-19427208
-21470392
-29442982
-31541462
-28477410
-21188012
-20351530
-21968934
-22181678
-28610440
-33687818
-34674860
-35977948
-26851934
-23828636
-27150962
-33768146
-36134886
-28078858
-24952844
-19668732
-19425912
-24172636
-23784716
-24825520
-24027222
-27434000
-37085588
-40473078
-43201886
-38861552
-14359468
-18737664
-23751356
-33046736
-34435494
-32777730
-33873350
-30031144
-26461496
-20607676
-25733292
-35411046
-25193246
-21817166
-20452242
-24081634
-29760846
-33185926
-32579744
-29983592
-33321332
-37692802
-31086234
-33537024
-33836408
-30481362
-35795552
-29574782
-28375846
-26987050
-26168672
-28052834
-29276086
-31909318
-28215888
-25389226
-29586824
-28183270
-26479418
-17899648
-16522542
-26442608
-31107586
-29461210
-18580334
-22040724
-27440726
-23727866
-22809084
-23614008
-27344418
-30045786
-22709170
-22480854
-46413672
-31887180
-28983444
-25627852
-27398926
-30742712
-40190030
-42754354
-24947190
-27548868
-30719100
-30081110
-28871764
-25468604
-26908848
-21927504
-14151808
-21613188
-24602564
-28765590
-35493288
-41481446
-37238252
-29271720
-31180834
-39490016
-33532572
-25215366
-16516016
-23368072
-24633318
-22234966
-23980928
-21406488
-22463642
-25034740
-35119360
-37109166
-19249144
-18420010
-22783290
-30377438
-34760448
-32598934
-36623822
-38252188
-30557278
-27178288
-23044358
-29195424
-31327370
-29590550
-25382048
-20320660
-24224480
-18395930
-15790466
-17840438
-17831752
-23476810
-28411552
-30049942
-28044926
-22442934
-25283574
-22167028
-23534244
-27931872
-25087970
-23695300
-21177684
-25797788
-33283940
-34941058
-33761806
-30211846
-31956882
-42195100
-47060488
-36592598
-28910762
-27989000
-34080384
-30675570
-25595888
-21280786
-22304582
-24985306
-28612532
-38020376
-32490022
-24821582
-30170176
-32822636
-38237242
-41000876
-30649114
-24552786
-20754062
-25874502
3356432
-5277310
-17382478
-22651116
-28576814
-26996988
-24631042
-31215754
-23050452
-21846062
-21710948
-25974718
-30164830
-29277544
-31358174
-27383028
-26590642
-29430538
-26007658
-26619262
-27431148
-28567226
-30624078
-26314956
-23976474
-23984642
-26999128
-31935116
-37285078
-41931414
-34617158
-30927178
-30495544
-20432868
-23999344
-28637194
-31425154
-33809292
-26301882
-25450154
-24840058
-20700158
-12697666
-12124006
-24878876
-22875360
-27431894
-37414108
-32990306
-24149136
-21002650
-22572704
-24014318
-16530318
-9797740
-14398068
-20952242
-28447354
-26953782
-25775370
-27415890
-40266214
-45762584
-39139780
-36273296
-29018344
-28251204
-28967950
-22170100
-23859866
-30280368
-27782904
-23476194
-21651940
-27964046
-25963916
-23600162
-24999798
-25253912
-31315702
-30687030
-24928820
-31879304
-31590378
-30464352
-24502478
-25670186
-29550382
-28439588
-30743782
-34052006
-35836914
-31393036
-19819244
-20135048
-19727412
-26010184
-41033756
-29594646
-24618658
-18463920
-19421924
-22589372
-7420132
-10707900
-15991486
-22329238
-26839676
-25420750
-28503518
-27025656
-26220118
-27877468
-22550660
-25666444
-26584600
-29245564
-32452260
-30283278
-33591434
-28527586
-15986438
-14082602
-18088270
-28262302
-23580924
-23332006
-28443806
-31158538
-36708664
-36042204
-13997406
-13922474
-19394104
-27033104
-27190836
-24910884
-34140202
-29505724
-29145326
-24699490
-17185338
-25423506
-30242656
-30590730
-23320310
-20038266
-22362988
-20006318
-22138080
-19452718
-24910280
-39904074
-37659516
-29062298
-21363326
-23777492
-39784698
-41258794
-35061538
-25751352
-22205886
-22696164
-24736590
-37955840
-37892720
-27972248
-20250058
-24169984
-39827878
-33636934
-20570562
-25417468
-24081374
-24698592
-28137906
-27538000
-22672036
-11872610
-27744866
-17233056
-719328
-7355356
-16575660
-22141720
-22968238
-24261618
-25399386
-24299860
-26756428
-25673568
-25739766
-28890516
-24155642
-25234208
-25649822
-27652090
-26962640
-15340034
-15803734
-24578096
-29874108
-27196692
-21544544
-24084362
-29587704
-35918782
-37389932
-31601624
-28863694
-18990570
-20480704
-28069976
-34442630
-32518930
-24290860
-25220512
-37710804
-29475756
-31629770
-29395212
-22708806
-25852534
-24293358
-21890922
-16203830
-20105458
-30465588
-34334998
-41044226
-40079984
-25115194
-19346728
-17057856
-22780616
-19324194
-23514040
-33376154
-23215048
-20658124
-20128716
-23321992
-24264522
-19792846
-17826778
-14595328
-23338876
-30861560
-28947902
-33118626
-30939926
-23822350
-29212818
-34950294
-35667352
-16821196
-23502736
-32506336
-34481010
-33536546
-24309102
-21490266
-28269330
-31639134
-30095488
-21883684
-20199064
-36304112
-30249946
-32168986
-37663558
-36966378
-31014136
-29389726
-35493432
-31257480
-22222454
-17904018
-25093546
-37156082
-33722632
-28715544
-29242744
-26790906
-31282024
-38562408
-37779556
-30024296
-14477680
-28920422
-30416184
-25653696
-18877542
4100258
-15071970
-17923306
-23087716
-34568332
-38077672
-31895990
-23675572
-22282238
-26347532
-28744352
-33205924
-28004286
-17553312
-16126306
-15213422
-19465028
-21612246
-23560840
-21764732
-12331506
-21783420
-29977948
-33539976
-37057094
-29254536
-32615170
-34202374
-30854066
-29875106
-27119066
-27386138
-20453658
-18352220
-25584304
-30781882
-37298828
-41999396
-37295856
-32461848
-24298860
-35048276
-26576600
-19996800
-21515320
-22015818
-34583894
-30936426
-24530340
-19063770
-16102718
-24798168
-32219828
-35532256
-39106598
-31725080
-28454098
-28036810
-28947362
-28531168
-9368174
-24333900
-21002310
-18702752
-20807464
-25258696
-26384256
-19453444
-20080602
-26638854
-34050024
-39728076
-34057280
-19661660
-20161702
-25266012
-39187234
-22854366
-26779468
-33682406
-33931260
-30764124
-8334464
-9833296
-20782080
-33263280
-37197578
-31149390
-18844064
-19327086
-21727492
-27777350
-28441508
-20192550
-26900960
-22854240
-24268148
-23338266
-26751490
-28544046
-22478776
-26461908
-31774254
-33457580
-33022724
-17895672
7851198
-15561532
-20130458
-16872002
-7433896
-7779282
-8904108
-23251468
-25836640
-22974506
-24937694
-24532770
-24367796
-22686810
-16905942
-22708484
-27596894
-28864456
-30630716
-23497126
-30972120
-31030604
-27330274
-29674076
-29834528
-31504870
-28103524
-28580970
-33025934
-28469604
-23824052
-21536158
-20233956
-19205010
-19555942
-24959142
-30099788
-30473898
-27678824
-22043044
-21198498
-15877222
-19715760
-21930306
-18254026
-21159462
-29730090
-40682552
-43295836
-26020852
-29463530
-31293442
-27089350
-26076812
-19650046
-20781712
-20559750
-22666052
-28336784
-32229998
-39197072
-42189104
-30615968
-25983562
-24217704
-32187790
-34013954
-31202790
-32601046
-29188658
-27629614
-21520250
-25744660
-27438034
-19910904
-28868112
-32426440
-31775524
-30885226
-11919142
-23760692
-30377236
-33578478
-32639778
-22780924
-25645854
-29802368
-29698522
-24749002
-17202828
-19588650
-26525510
-37404092
-36895198
-14310022
-20411094
-24990822
-23731518
-20143290
-21161672
-30913942
-31672538
-27868448
-24231832
-11062922
-14925144
-21610428
-23958838
-30077314
-30053014
-32004346
-25122514
-23530738
-26767588
-21092270
-17276858
-11991876
-21087512
-29321958
-25802774
-32292894
-34556406
-29571992
-26946950
-21363612
-25635536
-28769950
-29511626
-28591738
-21123872
-21091170
-14318654
-26858486
-34175494
-29310978
-25577282
-24015594
-27528926
-29473636
-19287778
-21079964
-23630018
-25655352
-26849372
-19864334
-16633622
-10045468
-18847502
-31792758
-34621764
-40790176
-34317736
-23692082
-26772896
-27089788
-28680614
-19361960
-17967760
-18659636
-22810152
-34800630
-33129228
-28618006
-26697182
-20795982
-20881312
-18458450
-36787870
-38776624
-26921752
-26390906
-31650144
-34844828
-31823468
-28547624
-34013316
-34280850
-22446316
-25208928
-24761158
-26006768
-18967814
-18874904
-29217960
-27384482
-29660898
-30444952
-27918082
-24054900
-21749316
-27327978
-33876282
-47118714
-41898500
-28082204
-30083260
-34201378
-25289788
-22618766
-22899134
-30998378
-32861890
-14720722
-6987042
-12374642
-22428018
-22309916
-30928280
-37665286
-31197070
-35186576
-30147410
-25197348
-25019400
-24238872
-31179730
-28309090
-22262834
-18961676
-13034248
1915304
20158542
-10194608
-26977812
-10159330
-12572562
-39678168
-33280158
-24662922
-15432650
-19853868
-23413276
-28546528
-31598994
-24627726
-23785508
-19246650
-20250930
-23145598
-20929402
-22434626
-26338326
-30735414
-32433378
-27882698
-25313396
-15994432
-16922610
-29209870
-29835046
-29009960
-28134858
-28390340
-24516682
-15282086
-22856220
-25718310
-24522962
-27379442
-34767532
-40248160
-39984186
-27901378
-26024634
-27148580
-31416678
-29020440
-22411244
-25215754
-26136628
-27902632
-27429922
-22742224
-21047956
-23623696
-36416220
-38243134
-24032408
-21244520
-21383274
-31259328
-40282090
-33906646
-31737488
-28426674
-29542510
-23521084
-18186760
-20623224
-12690250
-18459176
-21509656
-32751020
-32963842
-23031114
-20344198
-19859952
-24413612
-22776160
-19981966
-26152002
-28531554
-25660738
-22350812
-19205742
-27509738
-29482608
-28059692
-27077144
-21771908
-18653900
-7930756
-17821372
-22855710
-21346394
-34950422
-25946766
-27921218
-36254352
-39483024
-35583108
-18701768
-19289188
-27860928
-25929302
-27452046
-30036584
-32630452
-31814252
-26992890
-28129738
-26236438
-18814372
-12076114
-15056306
-21166696
-20584646
-22691616
-23511096
-18051628
-20806634
-19275620
-23188190
-31359130
-24801134
-24080848
-25400460
-27165430
-21566570
-12377276
-14066626
-14922552
-15318866
-8118670
-8618776
-19421892
-20542466
-24430466
-28219586
-26505226
-29164810
-38588922
-25948656
-19731516
-19848616
-30699566
-38629492
-29101012
-21559030
-18960258
-24330462
-24789774
-27582034
-30264018
-26418870
-25819608
-23082248
-22607376
-23669926
-17645688
-21766054
-30237384
-32298026
-28548732
-6908890
-17422936
-27854246
-28595596
-25960874
-20293076
-24545998
-27120520
-26306936
-22980840
-20180186
-31164796
-34617796
-28562704
-24969090
-22215570
-24979486
-29206792
-35506312
-32982860
-24769582
-25728430
-28699438
-28407498
-28342862
-31504068
-37501174
-34512798
-28160708
-26146662
-22460822
-29756748
-34364796
-34830032
-39907922
-36326832
-32833462
-27924394
-23266030
-22987386
-14849256
-17196084
-13321812
-26351424
-24551310
-20837700
-24940592
-22222412
-25693156
-32349176
-24710706
-21842950
-21450296
-28191962
-33036334
-28282660
-23281296
-18151040
-20985640
-31508474
-31249568
-26555804
-21273162
-20101168
-23479298
-28309608
-34321986
-31612516
-23949946
-24894512
-26027354
-30886764
-32274310
-32965758
-29281152
-9324528
-13111166
-19563316
-35055620
-41049060
-39318968
-38357790
-15543220
-12140954
-15429548
-17167556
-17830704
-14710140
-22858846
-27581904
-24703738
-23443496
-21789286
-24383072
-26178160
-11251150
-13788706
-27505586
-36434968
-40205938
-34095234
-37501946
-31359460
-22756842
-22182044
-25321834
-33306848
-28958944
-15417058
-25704018
-27497502
-26915676
-26487888
-34342594
-42722332
-39183356
-38384702
-27274098
-26780882
-28218406
-14235322
-9629382
-21045292
-26452454
-25793160
-18188908
-20692248
-29493768
-33428334
-34885160
-22985768
-19308394
-20288836
-31331582
-41685320
-31318122
-30174726
-30546494
-28622486
-27897012
-24597636
-27961412
-29875650
-29995104
-26650488
-9585208
-16491144
-22434820
-32620184
-34537984
-19371750
-21828454
-24326982
-26599482
-30545888
-27320902
-27123250
-31717540
-33978600
-29887176
-18198056
-25626860
-49656796
-40913268
-33319050
-26135248
-23709784
-19679676
-20288144
-23106460
-22476590
-26704772
-30823906
-38405798
-40608072
-22450346
-23094798
-10804518
-13199286
-21101144
-21877480
-26318636
-24615118
-23824320
-24497434
-18832428
-26082980
-32796046
-34973080
-33656456
-24146684
-24341906
-21225196
-22802722
-32451164
-33154576
-36028560
-30271158
-27637278
-34022270
-34126910
-34372884
-25418884
-23708382
-23836124
-21127440
-29543470
-29000870
-27071860
-32035870
-28874822
-27771812
-24849226
-24630580
-23888434
-21284612
-26489386
-28139866
-25731498
-21008604
-17925370
-29883902
-25539954
-25100638
-31509596
-28817466
-29096018
-24255432
-22175368
-25373752
-28079616
-25809052
-18126364
-29214902
-35888362
-28487544
-27696228
-32557906
-35351570
-32318078
-25500826
-28240514
-29391008
-27571730
-22664168
-20439240
-34008306
-35778290
-30394218
-27839784
-15306618
-14546392
-21920102
-29564696
-34458774
-26777016
-25988276
-28829262
-35290056
-37713134
-29288160
-29284424
-19249822
-18842076
-26195496
-26856836
-27540418
-25251350
-23549056
-19458044
-14825082
-22090926
-19683730
-20283470
-25488278
-26257232
-27816758
-26809036
-26616710
-23742174
-19074796
-28155860
-36278158
-30504342
-26421562
-24014140
-28653904
-38264096
-38845892
-35259240
-26238678
-27861166
-28254960
-23469408
-18482834
-18716558
-28229000
-26851822
-22810144
-25614660
-25351738
-25845706
-20366068
-15209318
-17602358
-22724838
-26288128
-24641664
-25487436
-41295982
-49647780
-34447334
-31778030
-30060134
-30996018
-31197438
-33213262
-28281696
-24488786
-20864662
-11452440
-14776358
-14981844
-19178284
-30717658
-33816656
-33235526
-26480010
-24607426
-31150284
-24982204
-29156232
-25584162
-14150262
-8395316
-15011286
-22001348
-19093630
-16494896
-15530624
-13852548
-16852610
-23739802
-31028814
-35015968
-30887522
-29869770
-27088140
-21945178
-23986932
-24935382
-25019116
-22739682
-25893786
-30065500
-28814850
-26823092
-19827836
-30660338
-44107984
-35342298
-24737486
-17563798
-19468632
-28601144
-23582432
-24442442
-24207712
-16679636
16703134
-50277172
-43838978
-40123412
-31120012
-29581804
-27359818
-29468110
-28328994
-30872884
-34153524
-26874556
-27197784
-33245008
-43200432
46658496
-6511038
-24508590
-22195928
-22466540
-27519974
-25413186
-29330864
-35309806
-40955746
-38782286
-32606930
-29625028
-23823822
-25464536
-26845656
-22139680
-24253896
-20354400
-16317974
-22295546
-30643698
-38915010
-37199630
-12682650
-12750662
-19120524
-34763774
-30167542
-26400414
-33443994
-38289004
-37275134
-32700816
-30703284
-28665588
-17875628
-18010388
-7506690
-22947286
-25168730
-23386206
